[[2.331199658097515, 3.7644775367356633, 1.5025293880440236, -2.6083915843651044, 7.700129752536169, 8.083529075708338, 0.0, 0.0, -0.0012319970456220702],

[3.4152468366653213, 3.2943379915951785, 0.6149818194530053, -2.446951291716719, 8.421387278975713, 7.970786814120922, 0.0, 0.0, -0.0012319970456220702],

[3.3660553218543585, 4.858735541238942, 0.927675280948005, -2.2955164952837617, 8.510542455420515, 9.193059510114892, 0.0, 0.0, -0.0012319970456220702],

[3.2311851210855846, 4.569246202321803, 1.2734754300601614, -2.9608441767222238, 8.622286031599149, 8.44322306938549, 0.0, 0.0, -0.0012319970456220702],

[3.0846931516358143, 4.9418655820335475, 0.9101402293825962, -2.0732871539093365, 8.3234628456935, 9.384614295737677, 0.0, 0.0, -0.0012319970456220702],

[2.29241098313662, 4.566084497475661, 1.282641764216105, -2.9633430207730456, 8.616144782125426, 8.434771261350015, 0.0, 0.0, -0.0012319970456220702]

,[2.682820278930094, 4.6790078540172, 2.22907728398901, -2.7556934211023685, 7.813392928432803, 8.226599415789574, 0.0, 0.0, -0.0012319970456220702],

[2.6634298030332273, 4.061023187277076, 2.102828934091313, -2.4358717426336627, 7.415752617647546, 7.933924403576482, 0.0, 0.0, -0.0012319970456220702],

[1.9250496155230732, 3.626548695454933, 1.1718883513307616, -2.6425271842694134, 7.9397876190324, 8.096926906520308, 0.0, 0.0, -0.0012319970456220702],

[3.0735922972640366, 3.0635625662826897, 1.355879226825502, -2.2326054398011466, 7.6503707180969105, 7.461381621868309, 0.0, 0.0, -0.0012319970456220702]]


-0.9 3.8 1.5 -2.6 7.7 8.1
0.3 3.3 0.6 -2.4 8.4 8
0.3 4.9 1 -2.3 8.5 9.2
-0.1 4.6 1.3 -3 8.6 8.4
-0.1 5 0.9 -2 8.3 9.4
-0.8 4.5 1.3 -3 8.6 8.4
-0.4 4.5 2.2 -3 8.6 8.4
-0.4 4.7 2.2 -2.8 7.8 8.2
-0.4 4.1 2.1 -2.4 7.4 8
-1.2 3.6 1.2 -2.6 7.9 8
-0.1 3 1.3 -2.2 7.6 7.5